0.523329  2.30439  1.3248
2.58948  0.257181  -0.384301
-1.58405  -1.64925  1.08036
-0.382137  0.0548394  2.58913
-2.56024  -0.435935  0.663994
1.95092  -1.86231  -1.02524
-2.02915  1.86758  -0.0123978
0.821699  1.26385  -0.20597
-0.419526  -2.67809  0.56136
-0.0406171  1.48336  1.69164
0.370607  -0.517501  -1.48999
2.60854  -1.23883  -0.0116681
1.17163  -1.14784  0.202769
0.332295  1.54514  -1.46491
1.87394  0.0740028  2.01059
-1.50918  -0.214928  -1.04278
2.56766  0.642467  0.623028
-1.66263  -1.82886  1.49741
0.449761  -2.32857  1.18666
-2.43428  0.267334  -1.41427
-1.17442  -0.971453  -1.3928
1.15555  1.45081  -1.69668
-1.67981  -2.17066  1.16664
-1.37268  -1.96304  -1.57352
-0.0973981  -0.139092  -1.01874
-2.2994  1.32651  -1.33867
1.35459  2.02866  -1.17262
0.332822  2.95727  0.357938
-1.5902  1.20514  -0.654503
-2.86562  -0.0778379  0.738756
1.50409  -1.16775  -1.41252
-1.09406  1.80586  1.01902
-1.67264  -0.759887  0.0978868
0.696472  -2.44453  0.531518
1.70559  -0.531222  -0.939178
-0.683071  1.33599  -0.325551
-0.707012  -1.56244  -1.16273
2.26282  0.330159  0.123668
1.10894  1.13614  1.2562
-2.42455  0.745025  0.137946
-0.871965  1.48013  2.13629
1.14751  -0.851709  -1.59621
1.46537  0.0339137  -0.0439822
1.37608  -1.32721  1.82798
-0.660571  -0.557912  1.33182
-1.6837  -1.89365  0.0518746
-2.04262  1.24511  1.35604
-0.333733  -2.14979  1.28673
0.241428  -2.64267  -0.565609
0.485382  -2.39482  1.50468
-1.79107  0.0648394  1.41818
0.890143  -2.01895  0.19677
0.0966857  -0.853635  -2.53628
-1.20499  0.980198  -1.37173
-2.06686  -1.61949  -0.106127
-1.70887  -1.66801  1.59545
-1.96029  -0.508782  -1.52245
-2.66985  -0.688428  0.567009
0.436235  0.80192  -1.57444
0.536119  -1.96691  0.448488
-1.46294  1.5844  0.202886
0.4484  0.267061  1.87045
0.454532  0.952021  -2.3474
-0.0737314  -1.15325  0.353918
-1.16432  2.32932  0.842549
-0.524027  -2.2213  -0.754141
-0.096729  2.49179  1.30197
-0.437455  0.704032  2.19109
-0.964646  -2.78364  0.243875
2.13075  1.87541  0.963778
-1.45288  1.06299  1.03881
1.35559  -0.0842555  1.76605
-2.26896  -1.31785  0.800176
-1.86415  1.70772  0.863703
1.15248  -1.02973  -1.32804
-1.98702  1.77692  -0.962111
-1.39346  -2.12139  -1.02197
-0.866469  0.00675831  -2.35861
0.92405  -2.07905  -0.209719
1.66763  -0.560013  1.19018
1.24977  0.73954  0.0956236
-1.93454  1.25092  0.684981
-0.710865  0.855939  1.01814
1.65275  -0.227166  0.644339
-2.22364  -0.697529  -1.48655
-1.93623  -0.893392  1.57311
-2.02307  -0.455617  -0.469772
-1.50012  2.21812  0.146321
0.78199  -1.72182  0.219821
1.78882  1.15008  -1.82891
1.66441  -0.506348  1.67145
-0.819026  -0.693093  -2.29461
-1.22561  -0.314367  0.675353
0.76708  -1.88468  2.15012
-1.14767  -2.30233  0.785506
-1.27634  1.99436  1.79118
-2.95652  0.430414  -0.124019
-0.0847648  0.8641  -2.67113
0.0413915  1.0493  2.76633
-0.365256  1.16481  1.70135
